20
10
10
30
9
5
9
10
0
3
6
5
7
4
9
7
0
3
6
0
8
6
3
1
10
4
5
4
0
10
1
8
5
8
9
3
3
7
0
5
3
1
1
3
9
1
8
9
6
8
1
1
4
8
8
0
5
5
1
10
0
5
1
7
9
2
8
2
1
10
7
0
9
3
5
0
9
2
2
9
10
1
7
0
10
1
2
6
4
5
3
8
4
3
6
7
1
10
1
0
6
7
7
5
1
10
6
8
3
8
1
9
5
6
0
7
4
4
0
0
10
5
0
3
10
1
9
7
4
0
6
8
9
4
5
8
4
10
0
8
4
6
3
5
4
8
4
5
4
3
7
2
9
10
9
8
4
0
8
4
5
6
3
7
1
4
6
6
4
3
5
8
10
1
7
5
10
5
6
4
9
2
8
3
7
9
5
5
9
3
4
10
2
10
9
0
1
7
1
2
9
9
8
3
0
4
0
0
10
10
7
0
5
4
6
2
6
9
9
9
8
0
3
9
2
4
10
2
6
2
7
7
2
8
5
1
5
9
0
6
10
6
3
9
1
0
10
10
0
1
3
4
3
3
4
5
9
2
2
2
4
9
5
7
6
1
8
9
8
9
0
0
7
9
7
0
8
10
4
10
0
3
3
3
2
3
4
6
10
10
9
4
8
1
2
5
3
9
6
2
0
0
8
9
2
0
10
3
9
3
0
6
2
2
8
6
2
8
8
10
2
8
4
4
9
10
9
7
10
4
4
8
10
5
1
0
1
1
6
0
9
3
3
6
0
6
2
6
9
2
5
0
9
2
6
5
9
10
0
9
0
9
5
6
7
5
9
7
6
4
6
3
1
1
10
6
4
7
6
10
10
7
10
9
2
8
10
4
5
5
0
10
0
1
8
3
0
4
7
9
9
9
3
4
2
6
9
5
6
3
1
4
5
9
5
7
6
2
1
10
5
9
5
6
6
1
0
0
1
7
6
8
0
7
1
8
3
1
9
4
4
2
7
1
4
7
9
3
10
10
1
10
7
5
2
8
7
7
4
2
2
0
4
8
6
10
3
2
5
6
7
0
2
7
1
9
4
10
2
7
1
6
10
9
6
1
4
0
7
2
1
0
3
8
3
7
4
6
9
8
2
3
8
1
203
154
325
341
357
401
341
193
268
376
211
100
402
464
287
318
272
191
237
353
181
158
436
337
271
238
242
326
237
304
161
75
244
309
277
341
194
72
199
246
171
109
315
283
254
259
208
169
178
247
143
124
282
260
259
231
219
190
218
282
182
178
300
293
324
345
262
193
269
332
206
100
380
400
380
346
242
157
258
341
223
155
380
371
275
278
166
278
211
304
112
107
173
176
201
228
207
115
162
243
143
46
270
283
194
208
153
98
129
223
133
106
269
193
157
168
163
213
132
198
142
172
319
297
263
266
303
225
255
352
210
91
416
405
273
276
219
200
225
358
235
144
431
350
268
288
158
298
212
296
127
145
240
204
202
215
193
178
197
269
168
56
305
319
273
272
178
121
191
257
185
125
302
289
201
223
105
213
163
228
145
173
303
226
340
316
279
198
271
308
237
94
336
429
284
324
176
118
235
380
176
88
410
322
281
278
184
261
181
204
147
134
317
216
276
270
223
195
229
279
225
76
290
400
213
310
153
114
215
321
138
67
359
302
255
254
160
198
190
159
152
111
254
275
245
316
220
151
213
248
175
95
314
346
287
290
213
138
222
266
164
142
333
273
262
214
143
213
210
283
204
104
259
376
305
390
271
120
245
315
149
102
367
359
279
245
204
180
210
254
174
165
328
274
269
229
219
284
231
296
238
142
380
403
282
340
295
221
242
374
171
123
426
368
317
279
255
240
263
329
242
141
373
425
235
294
178
269
249
339
171
59
231
274
205
241
124
67
150
263
124
47
260
229
159
201
146
157
114
145
109
100
172
240
162
194
194
158
185
170
181
138
331
354
357
405
304
181
274
319
214
122
368
452
298
331
286
199
262
343
164
162
436
336
327
228
197
285
259
313
220
140
317
345
278
342
286
190
237
372
180
87
409
387
296
288
220
186
223
302
216
150
358
349
225
273
213
287
226
302
191
152
318
398
356
353
275
143
301
366
190
118
425
366
308
254
177
225
225
330
233
144
365
363
321
337
223
308
236
279
172
137
325
354
330
335
222
126
254
321
213
131
401
319
338
310
254
233
224
335
222
139
348
391
303
323
214
233
244
333
190
97
328
342
266
331
255
185
221
263
157
121
308
357
234
247
202
177
249
283
151
103
346
316
258
216
136
206
227
250
187
151
380
354
361
366
315
198
280
366
244
124
412
444
268
321
248
222
247
393
195
119
448
383
314
306
236
284
254
287
228
146
396
470
339
382
263
166
283
400
216
143
490
369
377
335
310
306
263
345
271
193
392
466
334
360
230
285
309
415
185
105
258
325
306
396
223
130
259
267
185
93
316
405
300
319
188
124
239
250
143
162
336
254
324
224
181
244
241
257
0
0
0
0
0
0
0
0
0
0
0
0
0
0
0
0
0
0
0
0
0
0
0
0
0
0
0
0
0
0
0
0
0
0
0
0
0
0
0
0
0
0
0
0
0
0
0
0
0
0
0
0
0
0
0
0
0
0
0
0
0
0
0
0
0
0
0
0
0
0
0
0
0
0
0
0
0
0
0
0
0
0
0
0
0
0
0
0
0
0
0
0
0
0
0
0
0
0
0
0
0
0
0
0
0
0
0
0
0
0
0
0
0
0
0
0
0
0
0
0
0
0
0
0
0
0
0
0
0
0
0
0
0
0
0
0
0
0
0
0
0
0
0
0
0
0
0
0
0
0
0
0
0
0
0
0
0
0
0
0
0
0
0
0
0
0
0
0
0
0
0
0
0
0
0
0
0
0
0
0
0
0
0
0
0
0
0
0
0
0
0
0
0
0
0
0
0
0
0
0
0
0
0
0
0
0
0
0
0
0
0
0
0
0
0
0
0
0
0
0
0
0
0
0
0
0
0
0
0
0
0
0
0
0
0
0
0
0
0
0
0
0
0
0
0
0
0
0
0
0
0
0
0
0
0
0
0
0
0
0
0
0
0
0
0
0
0
0
0
0
0
0
0
0
0
0
0
0
0
0
0
0
0
0
0
0
0
0
0
0
0
0
0
0
0
0
0
0
0
0
0
0
0
0
0
0
0
0
0
0
0
0
0
0
0
0
0
0
0
0
0
0
0
0
0
0
0
0
0
0
0
0
0
0
0
0
0
0
0
0
0
0
0
0
0
0
0
0
0
0
0
0
0
0
0
0
0
0
0
0
0
0
0
0
0
0
0
0
0
0
0
0
0
0
0
0
0
0
0
0
0
0
0
0
0
0
0
0
0
0
0
0
0
0
0
0
0
0
0
0
0
0
0
0
0
0
0
0
0
0
0
0
0
0
0
0
0
0
0
0
0
0
0
0
0
0
0
0
0
0
0
0
0
0
0
0
0
0
0
0
0
0
0
0
0
0
0
0
0
0
0
0
0
0
0
0
0
0
0
0
0
0
0
0
0
0
0
0
0
0
0
0
0
0
0
0
0
0
0
0
0
0
0
0
0
0
0
0
0
0
0
0
0
0
0
0
0
0
0
0
0
0
0
0
0
0
0
0
0
0
0
0
0
0
0
0
0
0
0
0
0
0
0
0
0
0
0
0
0
0
0
0
0
0
0
0
0
0
0
0
0
0
0
0
0
0
0
0
0
0
0
0
0
0
0
0
0
0
0
0
0
0
0
0
0
0
0
0
0
0
0
0
0
0
0
0
0
0
0
0
0
0
0
0
0
0
0
0
0
0
0
0
0
0
0
0
0
0
0
0
0
0
0
0
0
0
0
0
0
0
0
0
0
0
0
0
0
0
0
0
0
0
0
0
0
0
0
0
0
0
0
0
0
0
0
0
0
0
0
0
0
0
0
0
0
0
0
0
0
0
0
0
0
0
0
0
0
0
0
0
0
0
0
0
0
0
0
0
0
0
0
0
0
0
0
0
0
0
0
0
0
0
0
0
0
0
0
0
0
0
0
0
0
0
0
0
0
0
0
0
0
0
0
0
0
0
0
0
0
0
0
0
0
0
0
0
0
0
0
0
0
0
0
0
0
0
0
0
0
0
0
0
0
0
0
0
0
0
0
0
0
0
0
0
0
0
0
0
0
0
0
0
0
0
0
0
0
0
0
0
0
0
0
0
0
0
0
0
0
0
0
0
0
0
0
0
0
0
0
0
0
0
0
0
0
0
0
0
0
0
0
0
0
0
0
0
0
0
0
0
0
0
0
0
0
0
0
0
0
0
0
0
0
0
0
0
0
0
0
0
0
0
0
0
0
0
0
0
0
0
0
0
0
0
0
0
0
0
0
0
0
0
0
0
0
0
0
0
0
0
0
0
0
0
0
0
0
0
0
0
0
0
0
0
0
0
0
0
0
0
0
0
0
0
0
0
0
0
0
0
0
0
0
0
0
0
0
0
0
0
0
0
0
0
0
0
0
0
0
0
0
0
0
0
0
0
0
0
0
0
0
0
0
0
0
0
0
0
0
0
0
0
0
0
0
0
0
0
0
0
0
0
0
0
0
0
0
0
0
0
0
0
0
0
